Image Real_Count CHT CCL EDT CHT_Accuracy CCL_Accuracy EDT_Accuracy
Im001_1 215 212 20 195 98.6046511627907 9.302325581395355 90.69767441860466
Im004_1 258 255 20 212 98.83720930232558 7.751937984496127 82.17054263565892
Im015_1 293 269 20 197 91.80887372013652 6.825938566552903 67.23549488054607
Im022_1 242 232 20 218 95.86776859504133 8.264462809917351 90.08264462809917
Im037_0 105 103 20 80 98.09523809523809 19.047619047619047 76.19047619047619
Im045_0 601 576 20 427 95.84026622296173 3.3277870216306127 71.04825291181365
Im050_1 460 486 20 412 94.34782608695652 4.347826086956519 89.56521739130436
Im053_1 802 614 20 360 76.55860349127181 2.493765586034913 44.88778054862843
Im069_0 665 653 20 426 98.19548872180451 3.007518796992481 64.06015037593986
Im079_0 512 502 20 392 98.046875 3.90625 76.5625
Im095_0 150 177 20 174 82.0 13.33333333333333 84.0
Im099_0 528 516 20 430 97.72727272727273 3.7878787878787845 81.43939393939394
Im108_0 510 528 20 417 96.47058823529412 3.9215686274509776 81.76470588235294
CHT Accuracy: 94.03082010469953
CCL Accuracy: 6.870631710019877
EDT Accuracy: 76.90037183098602
