Image Real_Count CHT CCL EDT CHT_Accuracy CCL_Accuracy EDT_Accuracy
Im001_1 18 29 34 16 38.888888888888886 11.111111111111116 88.88888888888889
Im004_1 12 22 17 12 16.666666666666664 58.33333333333333 100.0
Im015_1 22 16 26 21 72.72727272727273 81.81818181818181 95.45454545454545
Im022_1 5 5 23 5 100.0 2.6 100.0
Im037_0 1 0 1 1 0 100.0 100.0
Im045_0 1 4 8 1 2.0 6.0 100.0
Im050_1 21 107 39 21 3.0952380952380953 14.28571428571429 100.0
Im053_1 45 82 75 44 17.777777777777782 33.333333333333336 97.77777777777777
Im069_0 1 1 7 1 100.0 5.0 100.0
Im079_0 7 13 26 9 14.28571428571429 1.7142857142857144 71.42857142857143
Im095_0 2 9 12 2 2.5 4.0 100.0
Im099_0 3 2 20 3 66.66666666666667 4.666666666666667 100.0
Im108_0 4 9 22 4 0.25 3.5 100.0
CHT Accuracy: 33.4506327006327
CCL Accuracy: 25.104817404817403
EDT Accuracy: 96.42690642690643
